634

(0100000001)
01010010111110111. 81111001
-1
110010 11110,110’1.; 1011, 10; 10111
2651.; 1322, 42. 43; 8101101582, 584, 0.
Gom. Sophie 1310, 259.
Ihm Kinder:
0111111011 VI. 1322, 42. 431 s. 8101101583.
101010132242. 43, 1350, 201. 202; 810001
3111111 1322, 42.
1111011100 1322, 42.
(10101119 1322, 42.
11011101
1111011011 1260, 20.
0010 1269, 23.
1001111000 1281, 25.
0001111111, Vogt u. 1111101 1280, 31. 32.
11110110οι1. 1311011110111111111), 1111111.
0101111000. Knappon 1280, 25. 30. 32.

0111011100 01011110 11110101 01010 110111101ος

-- 0., 1010111111, (ans 11001 , R. 1304, 248·
- ,, 0001110111, R. 1310, 259.
- ,, 0111011111, 110111. 111110. 1317, 265,
1318, 267. 260, 1320, 271.
- 1·.,100111111,11000001351205.
1)1101001005-1511101000011. Fam„
11110101011111011

- 0.,111100,Ε1000000111 111110010011000100,
111011Ιί0110οο1 10011101101010111. 1011031110.
111101111οα00 1541. 1572. 1585. 15058011.
450. 457; 1584, 181.

-- 0.,1011001111 1572. 1585, 450. 457.

-, otto, (11101111 zu 11. 157215067ῖο soff.
81. 85. 448 Α. 7. 450458.

Β111111011010,-100111110, 111110010101, 1101111110-
01011011 1410, 47; 1111010001, 0111111101-
11101110111 10 L. 1440, 156ς 1101· 1101001111
01, 110111110110 L. 1457, 53 f.; 1453, 331.

01001110 1111101100, 1101011011) 11111111. 1531.

0101, 0011011111, L. 1280, 30. 32.

010100, 11111111, Hlb. 1435, 327.

0101111111111111, (0111, We. 1483, 180.

-, 111“111·1’11,110.1406, 183.

000011101100110, Heinrich, Administr. d.
11010001010110110 011011010100011001110
1581, 451; 1584, 77111 1580, 801.

00111, 000 0. 001.

0010110 1323, 01100111 1370, 01111110 1362.

-11, 11111111, 1323, 274.

- ,, 11111000110001111101362.

,, Ι u ·,1. ι

- ,, 111, 101111010111370306.

00111, 00110 vgl. 0010, 001110, D. 0.-01.10
L. 1264, 22.

00010101.

00110,00110011. v. 1101001010, 1),0.-Β1.10

-, ,111010 10811110. u. here 111 Wern. 1434.
14401. 1453.

-‚ 11100 0. 211011. 11111100 u. 6011101101.

-, 0110111111, (100101101οθ1 0311010000 zu
Heudeb. 1463,162.

—-. 1101111101, 30111. 8101011001 quo. 1401,
184; 11. Siegel u. Fam. 6051.

-,11011, 1 11100110, Propst qua. 1578, 381.

001101100101111010,111111110011460336.

-, 1101111111 1470, 300.

0011001110 1., 1111110111 1260, 20.

-1, 1000111111. 1280, 30. 03, 1300, 242.

- ,, Hermann, R„ 1300, 242.

- ,, 1111110111 1310, 250.

- ,, 11000013102700001011110001111101.

- ,, 111111001310,270;1101“111.,1 1321277.

- ,, 11111. l 0001.011111101011101 beiden

- ,1111110011 101000000100 1327, 277.

- ,, 0110111110 v. 11091110,Το111011110001,
11101100011011111110010111 1310, 270.

0010111111,1111·11.0.10110. 1483, 180.

0011101010 0., 11111011,11001110010111110011
80111000 1331146.

0011000110 0, 11111111 1325, 44.

0011111110 s. 00111111.

001100. Rode.

001111101011111101 1253, 05; 1265, 108.

0001101110, (11110111. 0011101110.

0013110101101..11011100.,Ι)οιο11111100001101-
den 1318. 237.

001,00110010,11111110,111-.110110,1111111.,
81111011. 01111 L. 1111111110. 1202, 228.

-,11011ιν1’0. R. 1260. 23.

-, 11011111.. 11010001.. 1111101 12031204,
235; 1300, 210.

-, (.’0111011,(1001’01. 01, R. 1300230. 242

-,10011111100,0111.010101·1.0000101300257.

0010110111.. [1101101111 0011, 1100010. 11111.

-, 00110111, 0011111. 1000001324. 134.

000001001101,11111111110110, Harlinwmdo

-, 0011111, 1588, 440.

0011101110, Ham, 010111. 1477 , 115.

00110, 0011110111, 1011101101 0110 1635,
51301.

0010111101, Pom, 1110 1010100111 1128, 3.

00111 011. 1011011101 01110, Ham 110.
15211106.

-,1101’11111“10,81011110111 110. 1638, 545.

-,1011111111,Ρο010110110.1038546101650,

00111101 Vm, Papst 1206, 237 3 1298vg1.
152;1302, 1231. 127.

-IX.‚Papst 1401,3141.

0011101010· 1373, 0001111001- 1401011.
ns. 1011011110 01011100 010000 01110111.
1373, 307 ; 110 111110 to B. 1461, 150.

 

