816110911101 und (11010611.

(8011061961

8010111910, Wa. 1612, 898.
00011111111840, 140, 8011 11111111 1580,
0664οΜ100111006118661119610661470,
0006191016, 0618911257,981· 191.
8010161160. 80-1111. 1101011111. 1161011.
1258, 100, 1265,108. 408, 8101011111
06670046101101111580 81 ΒΗΘ-,1101100611

. 11611.1605.86;1)0811119011111106116

91110111) 1671, 468, (101101110161 468,
0061616116011011060111. 81110191611111611
(19918110699116816011696110111618911671

811111-811110111111.-.06111(110119.
81111119610111461, 159.

1161611611 1671, 4681191. 466
11160111191110111111811116196 1824, 44.
11616061101490,182,1116116-,Μ11ι6ιο119
11061 1111111961. 1526, 200 202; 1588,
219, 1589, 2211. 0., 1605, 86, 1678,
228 Α, 1688, 228.
861101111014011019011111317, 126.
111101119610610011111011 1671, 468.
11611101190618111111116 1458, 881.
11101111161101 191. S. 612.

1110101119, 001 d. pr. 1611, 468.
6110166161 Hae (811) 1671,468.
801110011110061111111161 1109, 4.
0110619 1852, 14110619 1411, 1600106100
1427, der 1401110619 mit der 1101111110
6111. v. Wern. 591 m. 01111. 4.

Ρο9610119, 800610- Ρ101ι11· Ρ10611110619
11110619 0061 Darl. 1288, 28, Ρο96ιο.
1529, Ι,,612 1555, 72, 1584, 451·1,589, 801,
Ρ6101194681610.
1118101,16111991 1825, 44· 1,91. 1060
Semetplaffenholtz.
11911166,11111106,80111160111.1 11111848,
80161100101101111111605,86.

6010619 1824, 44, 1848, 890.

6001000619 1558,,447 157 9,81, 1581451
1999691116 (1011111111οο am 6001006191
1 55

66111611 6111691 0061111111. 1605. 1672, 86
11111.

8111161611, 611, j. 8011161191 8091 1671,468
61111191 01161· 6166611011 oder 0011101100
1. 11116110 1580145, 489.
66061960060111101116116, 81 (161611 1671

66660009180110619,1111110011110110116
1106111111696161168.

728

1801106196.)

6109110619, 80110. 0618001111 1961111101
(1110016116 (111611 We. 1470,170.

6610601101εο.116118011111101110061
111992 8999611 8011161001οσ 1110116110
(1101010061, 0600110010οω. 1589, 81.
8616111661, 8611 0001116111490 182,
2111ξ99911110195ἆ2ς6,, 202, mentha? 1588,
8111110619, 1171101 1101110119 061 1161
891. 1671,468, 1710, 224 460.

8696110119, Ζ1690106191101 1101111119οὠ6
(21119. 011011.111111110)1526,202, 1588,

80111111101911011111191.111 den 11016106.
1011011801, 1221· ,60191 1492, 11011101·
11111 u. 1011916161 1161 [1161101190-
1116101100 1816161. 1101111011) 1498185.-
8009016611191161111111160111191110111111
811061901824,44, 9101186011061111161
11016110 11011 1111 Ρ196 106196 1529, 61,
1551172, 1589801, 11011901001111911.
00161 111”81010.1ιιι 8191160019 60611.
1111110961.1605,86, 8001011119 deu
81. Wa. 1616, 401· ,191 66011011001011.

8091611010 00911601191016116 86011·
1610116186. 1468161, am 1111011910οο1
111110061146846701,1161111981696
0910100019810100 41101961
6961661809 1161110011111481846· ,0099610
90161101 dem 8016601191 1116101119)
1481, 851, 11811100196 1496186,
Ηε9611111991110111110181111109011526,
202, 8091001016, -116190911111111511,
70,1116601190 (ιι 869111)11091111016
1588, 2181, 6018166171. 1615, 897,
809161911101 11016111 11011 1111. 11111111,
9111160091610110111 1616,401.

801196,11611019ιο1101110911666011, L 1078.
1109, 84, 111016110181101101111. 90-
101191228, 11, 7611111111 100 8011961
1260, 20, 1280, 24, 1289 1101111111 961·
1011111106 predictam, 1001011601
011610191161Μ L. 30. 82,
1011. v. 1116111111, (1110060, 801196 11 L.
1298, 122, 701160οὠ019 8001161161
8601116111 ιι. (1611011 801111 eum 01111 aer-
111160116161011 1820, 271.

81116, 101086060001611611611, ¹42 1101611
10 8011116111 15119 1119610, 1116111116 16
6019011116 11061110116199 1119610 00111-
11111 1858, 299

111111, 1111111, 9611166.,11ο991101019111616

811111.Ττι11,8011161101111111111011)(1-60
1011011579, 81, 1111111111. 891. (16101161
1580, 220· ,1011911111 1111 (1610811911-

 

