' 818 Ε111511155355 5111511 8153511115.

1155111155 und 11151511 1111315151 1513111115155 1115515111 115 1515551551
11111111515111155511551151511111 35111315 111115.1 ,

11111171 Sela 115151 um 1450 151 151 115115 551 1111111119 Sele. 11111
551 1410 Β11351 1511515.2 Β51 151 1511513553 151 1111511115151 fehlt
1542111111155851., 1551 15 dieser 1111 5111515 3111515 151111 so 1151113511
055115 11111151151 11551131511135 51115111111511. 151 J. 1581 1551151113511
1511 811115 3111111111131151851, 11151 151 1111111115 Hans, 515 1115511151 515
1155513 5111 1555153.8 1111111511 1515 Ρ511511111 Nr. 110 511311515 Η5111113
5151115551 151511 111555551151115 1615 5111 1611111115, was 515 111311
31551 151 1155151513 (151 115111511511515553 111. 215 15115, 1511111 51
15511351 11531151, 1151115111, 11515151 1581 15111311, 51111515 3151515151355
1113111 111 1511511 85113151 151 J. 1615 11511155 Person 1111. 11 5515511155
11111151111131, 1115 1515 Η55513 851. 111115 1581 111 1511111. 109 115351515
8115 0111111311 3555155 115115 und wieder 515 Η55513 8511 151 J. 1601 5111511
3111511151355 85111 1111511511,111 16241 81111511151551 15 55155111111-
11511151153151115 1111 51111621151 11513511515555 Hunni 811. 1511151
1511515551 1111151 1151111511Ι 15 115 115 11111

8511151515 55511155111111 1115115 christoph 811, 151 111 8515 11551131
151 110511581 3155151 111115, 5111 16011ρωί1 1111511 05151 ((1151), 1555
1511111111 1111115, 1111115 111111 0111151555131, 15115111 1111, 1621 11511-
51115, 1663081135151511151111 5115511115151511115115 551 1111 6. 11111643
15111115.

151 dem 51153155 1511111515 115 8511511151 151 115111311111351111115351
1111551111 115511 115155 1115511, 15111115 15111118 151 51511 1118. 11115111 55-
15115115 15151551111111 111 511551511 115515 151531515155 1115551 151511
11151111111111511, 155155 1111551 11551311 5111111515. 1111 11111515 151 1551
111535 15111515155 1511115355 1111 51 durch 11115155 151151 1515511115111111
11111111 8111511 1151101113 151. 11151115 51551315 155 1115 115 111151615
200111151,7 1515 (1111511 1111111113 11115115 51 300111151 vor, 5151115
1551151 11511151115511115531113151151 1111155 11111151 1111315 11511111
155 15155 5511111155 115511, 1151 151 1211111 1639 15 155 311111511511151111
1115311 1115511 15 11551511, 1515 51 1113551 1511155, 111 1115351551] 1115 1115
15111155 8511155 551 15511155 151551 1111553511 1115111111. 85 151 51 in
15111515 8511111511 35111155 1151111155 5111 5151151511, 1115 51 1111 1115311

ῑΙ4498111511111ω11115555111115111111111,11111131111158115151,
11111111111151551531113315111551115111131151115,15151111111 11511511

111111311111111,1.3111111 11111511, 1111111111511
vamktozenehadde,aembesc1wd0ne⁹mmamoeflamfflnaper 15 muchan
5111511111.Α11133115111115111111.155315115111151Μ113531. 1111111151
111 1111111151 311155151113 515111111151151115 Muciae 1111 3115551 amno XLI 114411
Ham scham 11 11 myas ,111 1, 113. amm 11111111 (1111) 11111
Η.-1151..-888,5 131.1511531511511111151111551511111115831581
3111111151. 03. 5111111111111811131ω13 zandoezuRimcloe, flamm
mmmmm 1²7! 1111311155, 1581111. (1151551511, 1115 11111·
1511111.35111111111.81111111115111511831,1111111311155511“ 11513131583)
2(1531115.1181513111.11151. 111114099. 218400111155111115151111111
1111111131Νῶ 41111 1111131 1113111111
551 01515151811151, .10111111.1111511151111151115511553)1 (1151.
1151181118. 1811 11113111111510113111 Ε. 115. Balbum

ο1318111311.111111111515.-11111151 51111113155111113131111851.1

 

