540 6666116116.

11111666 666 6161 6111661 66666 66166616 361 auszukommen
war, 1161 616 661 Η6116616116166111111136 Person der Ρ16661 Heinrich
66611161661161 v. Mettemieh‚ wie er 6161 6611161, 66 jener Stelle, 661
61611, wie die 66611161161 16116136166666 Ρ166616, 661 6161613616
61666 6611116166 1616611616, 6666616 61666 3616616166 (1161611161, 1161-
11616111666366163161111611663 661 666 11666616111116661616616, 16116.
1116611116 66166Β6616116631661161116 1626 61, 61316161 616 Ζ611366-
66666366 vom 16116 1641166116111616161161666, 6666 61 von 666 6163-
1616166 1616611161-1161161166166 1166666 6161 16116116 1627 16 666
11166161 gebracht 661. Er 11666 6161 166666616 616 6611663663 661
Κ166161311161 666Ζ16666 663616366 sein. Gegen 666 6161661161 (16613

6161116 61 6166 [1661661166 661 6666111616 661, 616 6661 6616611661611 ’
61 666666116616166366 661 ,3111116166 0666661166 666 1116616111 von 1
1613-1624, 6. h. 66366 61161 166 6661116166 66661161661111611611663 1

661Κ1661611663116666 3611666666 6166 663666616166 Μ66666111666 66
sordem 1616, 616 6161 66161611 6661361 616 39627 ’116161 161161, 6166
Summe, 6161111666 (116166 661 so 663616661116161661, 616 61 161661
hberkommenen 861616661661666 66111611 666 11116366 6161 16 661
1166666166, 661616636166 1166661636 161666. 111166 666 661 (116136-
than 116116, 616 616 86161666 666 Κ16616166166116366, 6616111611 616
1666163663 661 116111366611116 666616 1161161166366111116116 1111666
(16661666361166616661, 661161616 6666 (1666666663 1661161166166,661 6661
(116166 6111 16166 166166 16 116616663 36616111.1 , 1116661 6611161 66366
6616161 ,36616 6161616661366 161166 1661661166 616 281161 6. St. 1629
666 61611613 an den 361666 66 1161166666 61611 661161166666 1111161611
166611661616616116161, 666 01666661616 66161616166166 Ρ161166 666
(1161616166661616666, 61 61636 616 6166 3616111616 8166666661666 666
Ρ16661νο6 61661 66 6611111366 1161661663 6166166366 6661166. 111
1111666 66161 61616116666666 61636116166 ,661616161661161166366 616
1616666663 6611161661 661Τ113663 6611116616166161666 6661661666.
Η616 6161 661116661 111113616166166366, 66 welle 61 666661166 3616611
66 werden euehen.² Nur die 1166661616 6116366611, 1161616616 (116166
1627 6661618 61111316, 6166 66111663 661 (1161661611 116161361666 666
11661166 6111161166, konnte uberhaupt 6666 6116366, 616661 66161166 116-
616666 3636611161 61611 66 1611666166366 16116166166666.

Wir hemerkhen sehon, 6666 61611166616166616663 66161611 666
1111136166 61611 666 66666161 61611616111611111663 6166616661116166
1161166111611161166166 Κ61166 61116161 3611166111 hatte. 11666 6166 6616116
6161 16616161113166166, versheht 6161166161161, 1116 666 v. 11611616161
Ρ16661 666 616 16166111616 Κ116361116611 16116111666 616316161 661,
6611111 1666, 66616616 66161 661 611611 616 Κ11616 sehon 1111 666
11166661-1161161166166 Cultus 616361161161 661, 6666, 61666116 611616

--—-.-.-

1 B 67, 2 Ρ166666 36366 616 6136661616 1166116611. Gr. Vgl. 666 S. 422-424
ffiffldhoen 1166663. ² Β67, 2 Aeta den 116666666161366. 11661 E. (11611611

 

