400 Cistereieneerinnen· (Heiligenbind) Kieeterweterler,

1111 bey 11111616πὶ1 1111 8111 1666166161 zu vereehiiessen3 1161661111
11611 im 6166161 161, 1611163 11666116 16611 1111611161 6161161.

1111116161, wan Andreas 6611661 6161 1661 116661611161 1616111-
6113 1161161, 1111 6111111116 16116161 bey 116 1113636161 1111 be·
61631, 66 1161161 11161 ihm 61661111116161636 611161161 6111111661161
161611111611113, 1616111 11161 11111316111661 1611111113 6111611361
616161116161161 haben. i'rknndtiieh 16161 11161 116116 61111113 1111
1166111 6136161161 3111116161 111311116616111 16111311 1111 6136161
166161 untereehrieben.

1611111 Werniegerode 6111 661113 Laetare, 6116 1615.

Gier'elrzeitirje Reinechrr'si ares 3161116161. Daiei iieqr eine Abreeirnrmy mir
A. Schaper 111161 29 (27) Pereonen, dicer 16151111 Kioeter 91611161 1161.

1616. 11111 111. 1161113616116 245.

Wolf Geory, Graf 111 Sinkere, 91111 deni Andreas scinne· die
&lomim 111 Wasserler arcs 1161111 ,161116 err 17261111. 1111111161

Ζ16 wissen eey 1161113161, 16111661 161 16113616116 1111111 6116
16111611 1161166613, 316116 116 6161116131, 11111361611,1111661611111,
1161116361616 11111116161611 616, 1611166 Epetein‚ 1111116116131,
1116116131, 16116 111110161161161131, 1611161616111161, 166116 36-
11666116 demine 166 61661616 Wesserrieben, wie 61161 116 prebete mit
den 616616131611611111111161166611611116111161 1161 1616361611161,
111 61111 wieder 61136161361 unndt 16111161 166 6166161 11 1616
661111116661116111113 36616311, 3161616611 6161116 6166161161661161
6616166 36111116113616661, 66111611 6161 36161161 611113666611161
worden, 66 16161 ihr. 31, 6111 1161 61161- 1111116116111611, 116 16111111
1116 6611 61116661, 66161111161161 1161111111 166 1611161, 16111161
116 66161161 161 ,161161 116 jahren 6113611361, unndt 1616166161
wieder in 6111611161 gebracht 1611161161116. 1161111111 161631.
661116161 unndt 61116161 1161116361 111666161 1611616161 11111611
erbahren 1111666 66161611 eines pechteontreete, enwnhl 6161 161
6161161161661161, alin eohrjunngi'reuwen unndt 661161661, 1166611161
6161611116161 1161661161, 1116 1166611161 1161111 1611161161, 66116136-
66611161 61111 61161161 werden, 1111 1611 1611161311, 116 163616136111
1661 einander, vergliehen haben dieder 36616111 11111 eleo:

Ee vorpaehten ihr 31. 11611111 1611611611 66166611 61111611 jer
1611131 1116 verberent den 63161166 1611 616616111616116161 36161131,
111 66616111116111131 1161161, 66 11161 161 66161161, 6611111161, 36-
66111611116 1611161616111111 61166161 undere dorffe Wasserieben 111
36116161 11111 11611131 16111161, 161616161161 116161666111, 66 num
6166161 36161131, 6611611 6661 1161116661, 66161Η611116116116161
1166611131 116 1611661611 wieder 61 6161 3616111161 11111 nii 3611166
1111161111 6166161 eui} gneden 111 616 1611161313616311611, 16131616161

 

