014 Ε111119119391 99191 819391191919.

19311911919119119,ι 9911911 1999 911 199 Hem, theilwcise 9191119Β113.
91919191191919191 191 99 3911911191 19911191 91119191, 9119 1999 (191919
99191 911 191991119919111191911199111911913 91 1913911 were. 89 1911911
9191 191 8191111931 1191 Homeburg 91 (19919191 91991 im (19111391 81911-
1191. 199911191111. v. 211111 (8.191. 8991. 11911) 1111 eines 8193919,
91199191911191911911191111111391 Burg 919119119 911 mit der 09111113
1991 111119 3911911199 91 891111911191191391199193119119199191 191. eur
dem Helme, der 1111Η9111199191 99191911 911 Gabriel H'e etehendem 8911119
11931, 9111191191 9119191 9191191191 9991 191 19111919191 G 19111 19-
9911919 Β1191111191. Die 8911111311 im 819391 Gabriele 1911991191 9119191
9191 191 919191191191 Ρ111113191119 191119391191 1111119119 919 191111191
1606,1611 1111616 11118191911911119119191191191. Ee 11911 991191
911 1199191 1919111193 911191. 111 919111919 Κ1919 9911, 191 (199 391119
Auge dee Herrn Clericus 19111 91191919.

XIV, 101. Hans Kmper (Rriipcr) 1111.

1191911119 Kruper, Krflper 9191 Krepper, 119 11 11911. 111 9111919
1111991119 renger 1111119, 919 (119 Appe und Η9111113, 91911119 919 1191191-
91911 11911 19119 um 1455 911 Β91911 199 119119 191Β11391191991 1111191
91191 119111911191.2 Wol 199 1911391 3191911911391 8911 Hane 1111991
(019391)111 descen 1191 11919 1999119191 911 20. April 1491 1911 81111
8. 391119911 in Helb. 1191119119] 11911 11111191 919 9991 11119911 11191
1911919999 91 191 Η911991119.8 1119191 19111191191140191111 Kruper
Procurator der S. 8199191911119199191191 Η9119191911.1

111911 391 19139 1911991 muse 911 1191191 3191911911391 891999 191
19111119 11 die nicht sehr 911191119 81911 119111391919 3999391 9911, 1911
91126.11111187 1111131911 19191199 1119191 demererer Wolf Ernst 91
81911913 111 descen 11119115 Am 1111119 1190 91911 1919119 Η919999
1191 1191191119 mit dem 111999119991 11191911 111 1911 1199119191 111919-
191391 191 1911119 199 11911919 111119 91 (19191191, 991919 911 scine 399911-
99191111919 81911113 9118911199 3991191191 191; 911 18111. 1600 19919191 Η.
,1119991 911 ⁶lrlcirr Megdlein.'⁶ 1191 scin 89111911919111.,1911622 919
Patre 9191191 9111 111 911 21. April 1626 11 91191 11191119191 19119911
199 191 Ρ991 1111139911 9181199191 19319191 11119.1 111 91911991 11
191 199191111191, (19 eret am 31.1911911661 19191119 1991391999919
111119 91 8. 11199191 19319191 111191119111991 919191191 8911 11911199, 191
Ρ991911199191 91119 911 sich 911 2117. 1612 1111991911991391111191989191-
19111991191 191919119119. Im August 1661 111 Mai 1668 werden 11 Kr’e
199 Ρ9919111991919 80119191 111 1999. 11911919191 918. 81199111 1991911191.
19119999191919119111119 919 1911 1191911191, 1991191111 1991 111
1. 1683 119111991119991. 1111191 99391 Η919 811911191919 111199 1191111919
en dem 11111991199191 1919111919 191 vcm ehemaligen Prr'or 1191191 111
1911 111. Η11119911191191 191111191191 01191.8 zu 1911911191 191, 1999191

¹ 131. Η119991199111. ΠΙ 8106 m. 111. ² Schmidt, Urlrunden (199 811119
819111 91 Η911. 111211 Anrn. θ Ι)919., 1111111. 1. 81911 1191111111, 191
8191119911 341. ⁴ 1191999119911. XI, 393. 1 8191111191. 91 Wern. IV
B 20 der 16. Nemo ancer 451. 1191991911191911191191019191911391191119
1 Ebendaselbec. ⁸ 131Η11119191119161.

 

