· 1831881331838-033333831813333813. Α

18383 831 183 3318313133883 13 118 memorien nemen 3331
883318813383133183 31113 83183 831183 13 diesem 13118, 833183
33113 18 1333118 31113 138 383388 333 dem aeker 18118 1338-
3333383, 188 jerlioben znynse 1383383183 331133 3833833311 383
geben 31113 383 18333183 31311 3333111311 88333. Ea 181 3381
133183183811, 3313133388 333813318 331 183 13338 3133 31811
3311331 18118, wie vor 3838133811, 833 83118 8318183 bane, den er
33818813111313181383 1133, 333 33338383 338 138 33183 331
38338383 (1) 83383 18813333133183 31113 83133 3313311 331 3833831831
3383183; 331 3388 118 testamentarien addin seyne 8318318338
3331881311131 88333383 banea, 138 831183 818 333 13133318 331833
1133, 113 83133183 8131 1381 33313818118183 338388. 11333183
831183 iohannis testamentarien 3111383183 31188, 138 83 311 anserem
3318 3818381331 83333183 1311, 88 883 1838318 habe addir an
bomne, 88 883 1183331113 grosse, 3131188 38388138883, 3388188 13
anserem 1388 331 13118 ime 1111181383818181, 883383188133383-
1 tarien 31113 83183 131383, 33 133818 188 331138. Und wo 13381
33111131 3111318311 138 383331 anserem 1388 1333818 (311
13381183 18131133 33318, 138 183 333 138 1388133381813133388
833 88131181318333 333 183 88111383 1338118313133 333 88131183
’ bey om 333333383 83118, 138881113831338113 381333118183 333
183338318 dem 33183, 3381 318188131113183 13 88333 3313383183
833183 333183 383131183 113 333 Η3118381311 383 13383, proea-
31383331 333 ventretea, darynne bandelen und rathen, 318131
wen 88 8833 83383 838183 neren. Wn 33313 wir 3183 18 3388383
118 383 Η31183813113331133 181183 331383313313333383, 138
318133 338 331133 3388383 18318338, 13383 331 813113338 mit
133838181331383 333 3133 gegeben werden; sunder 88883 331
trineken 3331183 13318333 33118331331318 3331383383 zeymliehen

pi'enningk bezealen, 31113 wellen 88 ior 3338 881181 wie 338

38118181 188181183; 33113331183118 3118 8813118, 118 81311 dem
ordin und dem 133838 333 1333818 138 311 118883 1331381311 331
3838318311 1311, 33111, 181131 331 1383 8833. 113338383 3331183
wir den 8338333183 ι131333883 Rodia 333 33388383 vorwandtenn
13383 83183383 331 33333183, ime yn 8833 3311383183 8331833833
111113113831113318311318833. 111383333118 halben 13183 13318,
118 dem 1318 333 Η3118381311 8313333383 181, 3311183 833813183
wint, 83118 ime 83331183 anderen 3313383 umbe den vorbernnten
383388 131383.

1188333 33133318, 138 13118 333811 331 33111381 81818 3331
13818 831183 38131183 383183, 133113 313313833318 13311133311338
331 hnsnknmptbure 133 338331 33883 naehkomnien 183 13133
383 53818883 331 183138838 1333138333( 3311333818 33331813-
3888381 3188831113133118883 131381133 183383.

(18881883 383 Η3118381311 311 3311338133 3381 conceptionis
Mane, 3333 domini 818. 3333388133 nono.

 

