616 11161116166366 16166 616361161616.

1616161 1661111116. 16 61661 6611 16163166 1611, 1166661616 6616 6113611,
16116161611611 16 1661116666. 1161 616616116611661611 1611 16661636111111616
166 111. 169 661 110 66161616166 66111111 166166,ι 6161 161111661661, 1666
16161 6161 1622 16 111616. 66116611 661 116 1611136161661161661611 166
6163616 66111366 666, 161161661116661166166616116161166. 11636366 36166
16 Wa. 661161 61116 6116 16161116 6616661, 66 1641 616661111611611 661.1 166666
6616 6661 116111. 3616366 16 6616 6616161, 16 661 1698 11616661616316161-
6661361 661. 661 161116116 1161611161 1666661661116616166 16166116 1111166616
6161116 11. 16111. 1116111661 1161611611.8 16 116. waren 116661. 11161663
16611, 16111. 66 1611116161, 1666 16161161611 66616 61166166661166661
116666 11661666 1661116166 16 16111366161166, 1161116161 116161 1161 166 161-
666166 Η666 16111166, 616 1161161 Η66613 (1166616116166 Η666), 616 11161161
1116 116664 1166 1611116166 1616111666 finden wir 661116163166 16, 161115
161616611616666 (166616116666 161 61661 1616166166 16611166616661 im 16-
6661161166 11663616, 1116 1116161 111116 166 1616111. 6111 1611111166 16 1161·
61361616, 166 Hoppe und 1611666 (16111666) 161661163611 116166.6

11116666 wir 6116 116 Η611111611 16616116661161661161161166666, 66 11111
1166 16166116 1661 616 66366616661 161616616111666 1161 6161611166666·

, 661666 616111611666136 66136366. 116 6616161 16116 61 16 161 111116616161

1611 1111661611 1616 661 1614 6666 16116 1663 166 Κ1. 116 16 Ρ66111161
1611611663. 111 161661 1611 1661116666 und 1611161161, bald Ρ16661661 11111
mit 61166166 6611161166 161631. Am 16191616111161 1. Β. der 6111666161·
11116611ἰό66 und 6611661116 Α. S„ im J. 1621 der 616-666161, 66113161 u
6611116161 A. sch„ qrc'iffl. Stolb. 6611661161 116661. Wa., im 1166161611 qr& ’1.
61611. probat 1166 juanrewkinclosters 1166661161 36666611 1161161 -
1111663 1161 1611111616 Anna Η611113 161661 61, der 61111, der mltaffte 11.
1611661 11861. 611163
’ 16 161 166 1163 661161161166161161163166 1611 16616166 1116 111116116
1161 66111 Person 161161166 Ρ6116166 3661 661363663666111. 1161116661 1161161-
6161 1616161661 116 161 661666 6636111116166 16116166366 66161 161-
6611613663166 11116666 36161616 616 61666 Ρ1116161616611116161.9 ·

1116 616166 1611166166 ihm 6161111611 nur 1161611611663166 111661616
66, 6661616 1611166166 6161661661 6661 16 161166361611166666616111661116166
6611166366 661 111661161166161 6161 661661 16111636666166 an. 116166
1611-1623 Η666 1616661666 616 6661161161 161 Elisabeth 666636616136
361. Η611611113 36366 116 116366 16616161166116 661661,Ρ11636116666’ an 616661
166 66161161 6116111166 116666 16 116111. 1116316, 16166166 161 66611661 1612,
Α. 661. 6611111 6161 Wolf Georg in 16616 6696196666 616166 an 661616
061161161161613616666.10 166166611616 Andreas 66111611 1624 661 661611
Κ61661 1611166616 1661161161166166 661661 1111116 66166111 1111, 116616 61161

’.-

¹ 131166, 8 31611. Η.·Α161. 11611116161111661166163. 1662-16661 01116161
66166616 111166, 1116 11611 Mag Klingsporn, 14 Gr. Ε11661166 166 61161161 (11116111,
16166161 114 Laudes mit 1662666111 1161 Andreas 66113161. ² 1616613163
161 ’111166616661 Β 93, 7. ³ Kirchenbuch der 0116161611 16. 4 Η1111ἰ·
3663666166 Β58,10. ὁ111616.11616166161161111524125 11 666161 111 1611361.

131. 1166116666166 61666 aus 11663616 3616111366 1116 66161161(6616611)11101666-
11111616016166161). 1166666 661161166 6116 (166611. 6666163 86163661558. (11111
Η.-Α161. Β 1, 1 1663616 Varia. ⁷ Β67, 2 Acta 111 66611611 Hans Bormum
·- 6661161616611, 6611611611 166 61. Wa. 1621 3. ⁸ 0166116 Nr. 154. 255.
ἓ 16 2131 1Ξ1661ξ1 {Nm Nr. 260 161 1111111636 161136 611166 1166116166. ¹⁰ (11611.

„As . , .

 

