Τι1911 111. 3-8. 557

1499 111 1199. 1199 111 1199911119191 auf beiden 8193911 3191919 3111 19131
(11119119 11111911 - 1911919119191 3919111191- 11111111919 1911911, 9119
191119 11 191 1111191 19119111, 111191 ihm 1191 199 119919 11191191 1119 011919·
119119. 1119 11199191 3191191 1119199119119119111199111111191191 111. 4;

11 S 8 comflfflmAles . [112 ,81]11012111,

¹³⁰¹ N* ⁵² 11 s* 9919111119919 . 19 . 1911119111.

1119119 9919111. 9111191191 119 819391 noch hinter und 1191 dom 119111-
11191 119 1411911113 91199 911133 1911193919111911 1911 119111 1111191139
1113919119191 9191 3991191191 Ρ111111119139. 1199 111919 819391 191 33, 199
191919 31 mm. Durehmesser.

Ι, 6. 0911111 zu Goslar 1419.

Als am 2³. April 1419 1918911111 zu 1199191 9191 19191 andern (1911111191
191919191991191Β91191 111199 81111 11 119111391919 119391 9119111191119 191
711 119111 1919911191, 111319 91111Β911111113113 199 hier 9139111919 819391
199 119999 unde 11999919 1191111999 als 199 9911139 an, L. 66. 1119 Η111991
1191111391 und (1991119191 also verbunden und am 1911191910119 119119 191
0911111 1419 9911918111. (119191 191 1111391 (1111119193911 1111 111 191
34 mm. 11119119991119131 199 819391 119 Η91111111911, in 11119191119199
11111911 11919119111391 119111191991191891191191 111 01191 11139191. 11911
auch 11911 mit 191 Η1111311911 191 11911919193911 113911191319191191, findet
1911199 Η1111111199 Η9119119 auf Siegeln 91119 1911131919 1119911113. 8ο
11111 99 im J. 1335 911 11911911 111 1191191 11 1191191113,1 1399 aber
auch der Β111391 Η919 191191 111119111111131 im 819391. ,

11199191911911 1119191 Ρ911911119199 111 911911 3191191 Raude 11111 119
1119911111 199 1191 1991 im 13. 19111111911 391911131918193919ε

11 S’ cssffinflrossls [111 (1]Οὸ11111111.

Κ199191 Η1111191ρ191191 1111131911191-11119191191.
Ι, 11118. 11199191Η11111919191191,0911911 1296, 1419.

Der 3191119 91119 43 mm 1911939119 111191199991, 199 11911911 1199911-
119191 3191919 9111, 199911919911911 191 3191919 Typus 191 schrift 111 199
1119911911191191191 99 nicht recht 91119191191199991, dass 119 119111911911·
11119119 lang 1. Β. aus 1911111191 12961, 1413, 1417, 1419 und noch
1525 uns 191119391191 1111119119 199 Η111119191111191 (191191199193919 (131.
Η.-Ρῑ. Nr. 34, 35, 1113, 104, 101, 132) von 1919911919191 8191111911 1911111191,
da durch 1911119191, 1199119199111111191 111 1111911119111911 1919119119
191991191911911 91191911 9191 9139191191 vird, 119 1991 nieht in 191
1191111911 von 8191111911 1119131111 191. 1191199131911191 wir 119 beiden
1191111391 1111119191 11991191, 191 19191 119 9191919 191119111199191

1 11911911. 11111. 111 111. 9991. ² 9191111. 11111. 11 911131 19, 91.

 

