0111· und 1010011011-110911101. 095

1990111584, &pira 1220, (60816901008111 (69111119.)
1101 110101011011111101901. 1584, 79 (Andr. -,891010,Ηο1111111191353,294.
1110011601,Ρ1010110101,600196100910,3010 spiam, 17011101601019,601111111111111660
110111.-Κ.-(101.18014.,1590, 84. 111116744601.

-‚ Bisch. 06111011 1220,10. 6910101011, Η19111.6901010, 1101110111, 11011.
69110001,70101111118611111011111110011191466, 1220, 9.

167. 6910191017(611101190911), 1101110060 1525,
891011, 1101101111, We„ 0. Fr. 1598, 458 Δ. 3. 196.
-, Εἰ, We. 1683, 233. 8911119 00111, fiam} 1011011111.,1110.1525126,
6161916111111111, 1911110· - -‚Henrwh‚ 445 44»
-, 11701101,Κο99901304, 248. 610110110, 1110010110 , 1111911111 zu Wa„ 1335,
-, 11011110. d. A. 1313, 264, R. 1318, 269. 282,191 1333280, 1334281. 282.

----.--

8101110119.

1510111019 1434. 1533, 10101111011110011 1590. (61010019.)

1496 6101011019, 61019οη9 1526,1100111111011 -, 1110119011 1513,489,15251., 4451, 1533
1010111470 6101001961091110111529, stab 01. zu 5101111. Wern.‚ Dompr. 1011011111.
01191526. 1111010901,1500111101010511,
10119010010911111101601119109011101181. 217 Α. ; 1541217, 1548, 374.
1451, 52, 91, zu 6101001911. 170110901οά0 -. Ludwig 1538, 2141, 1544, 216, 1547,
1450, 157, 61010019οπ0 0011100 11. 001111·- 217, 91. z. 610111, 1101111911, 6000111011,
liar-ii, 6011611010 6101101901110 1496, 363, 1171111117011110111111.0021911011,Μ911100·
m. 911. here van 1510111019 1486, 3541,,1101· 11019, 1499100111 11. 6101001911 15583751,
101109 6101011019 11. 1701111901οά 1541, 374, 1560, 379 Α. -601110111111, 1701911119 911.
m. 9. 11. -0.610100190111110111.10111111ωο11 91. v. 171011, 110100 0. 1101111190101111544,
1558, 376, 1559, 377, 91011011. 81015. 11. 216. , ,
1170111 1560,378,91011-11.110111011.81010, -, Heinrich d. 11, 91. z. 61, 1111110441
11. Worn. 1622, 412, Κ11110101101· 1111101 6060111110. 11010.,1,101’9111οί111525,
61011011. 810100191622,509. 446 11111. 1, 1555,72, 1559, 377, 1560,
-,110101111111111111011111111011110161.11181. 377-379. ,
1622, 534. „ -‚ 11101001160019, 91061010, 11011, 111111·
-, Βο1110111- A), Rode, 91. 10 610111. 11. here 3060101111 11. 110111, 11. z. Epst., 1110111000
toWem1434,325; 1110, 15031101, 1091, 11011. 1119010101 1511, 216;
zu 610111.11.111170111.1450,157, 1451,52;· 1547, 217, 1558, 374. 375, 1560, 37911,
1453, 330, 001110 11101191. fiir die Reform. 1568 1110111011 1111110111), 5231, 15791454
der 11161101475-478. 6011111 A. 3; 1580, 83. 218219. 5231, 1581751,
-,11011111011, 1101111011, 91. 11. 11. z. 610111. 11. 1584, 7711, 1585, 4561 , 1587, 386, 0111.
170111. 1470, 1701711, 1490, 182, 191 80. 83. 448 Α. 7. 612.
1496, 363, 101110 11110111901011. 1601110119 -, 0111010911 1547, 217, 1560, 378. 379 Α.
113011101111119 um die Reform. 111111. u. 81110110119011901
00111111010.10911501.1101110011 -,1101011111111,111.;1100523,1581

-, 301110, 6011191010 11. 11. 10610111. 11. 1110111.
1508489111,1510,491,1511,367111.Α.,
11011991. z, St. u. W. 1512, 18911 Rome,
1101110,Βο110,3011 15191, 488, 1520, 489
Α.2,1525,1931’.1951. 198. 36811 3910111.
44411. 48911, 1526, 61 1110901ιεὶ010 bei
1111110111. v. Magd. 1111101111). 198. 199.
200. 2011, 1529, 61. 2031, 1530, 204,
1533,671.205,1534,295212 372111537,
4961. 111.Α., 1538, 213, 1111010111 tiber 11111
550 Α. 1, 1911111011 214, 2161. 218. 221.
391. 601110601101111111

-, 411009006116111.Κ61119110111·Ε99110111
1522,48931525,489f.3ihrverhffltnisszur
6010100600 495. 11110 1111111011

91.1.610111.,11’011,Ι1111101101011 11. 1171111,
11.01111’911.,111’1111011601911. 1110119019 751,
1583, 2181. 454 Α. 3, 1584, 7711. 8011.
38414561, 1581386, 1588,2191.,1589,
8011. 221. 386. 1590, 83. 85, 448 Α. 7,
1591, 387, 1594, 388, 1595, 222, 1596,
389,159961·.011 61., Κ, R„ W. 111111
1101111001, 1101111911, M ‚ 81,Ιο1110 11.
0101101109 390, 1602, 525. 612. 613,
1605 detester u. 1091010111ον herr 11019109-
005011 Wern. 86, 11696, 522, ‹mv-393.

-‚ Johann 1583, 454 A. 3, 1584, 3841, 91.

01161. K. R„ 11111 W. 1111119111. M. und
ΒΥ. 15911831. 3 1605,86; 1606,222 A.613;

 

