819111911111 und (11911111. 721

1283, 28, 91111. 1911919919911193 19115.
ιι. 16711. 447911111191119161111111119-
191119131119191111 611611891191111.
11111191. 31111914521,911(11919191

11911119 1,111115191111111111119111602 ,612

Flumamen:
Κ9511115,Κ91ε99191. 1191. 1583, 2201
1911911711, 11111211ιί1911, 0111111-11. 71111-
weida 1616, 401.
1919198999999111, L. 1580, 73.

11911199911191. 1526, 202 (8200111-
111οι111. T 9911991191), 1583, 219.

Lindenpzan 15831, 618 A. 1.

Laltcltenhuslerseld 594.

1119111719, up 999, 1111111111 1453, 331.
1111111191, L. 1580, 73, and. 1191911611.
11191917919191,Μ91111111453933.

9619911869111111111111 ιι (111 1911111991ῧέ

119919911997191919117199111911911499
13111111111119111111911 zu 1111111611

911111111119111191111. 1111111119 (11191111
1111311111 19819111.) 1622, 417.

11111111111911, 111111. u. 991111, 1111111191111-

1191111911119191111 u 3169919119 111 die

31919199111μ-91191,1111111516 1526, 494 1191911111. 6111119119 ιι 81139111115311.

4761, 5011, 11111111. (11Η911119111111819111.
147411, 4781.,117911(119191161 31,4121

A.7,·1534,19lu.A.

Μ919711191191,1199971119111119111111119161

1526, 200. 202, 1583, 219.
11979119111119111111111 1757, 89.
(9119999911991911511311.
171999199911117111158111.,45111.15898,1.
1719919997, 1111111111 1488, 358
11719119,11111.8911111111 1589, 811 452,
1191117191, 179111.111111480,178.
1191111119, am 1612, 393.
1191115191,9,1919Ι1,Ι.. 1580,74.
8911711979, L 17 80, 74.

8919111919191, 1111111119 1453, 3321

Gegonreformat' 11911 durch 1111111 19161-

91111111.1116116111111171. 1622, 5331,
16245371, 162911191111911 Gom zu
1716111119111911191111115401,542,
119191191911111116111.-.11111191 ΚιιρΙιιιιε,
AmchlagdesfrllhorenProps 111111391ῃί11
111111101111111-711111119111641Ἣ544-548

9179191999 87 ιι. 730.
(111191111111111119111,1110911919811111.

1525193197

1791111971νὰ1 1,9 11.1,.1111 1526. 202, 1583, 219. (111119 ιι. Μ91111, 11119111. (11911191 ιι. 1911911

,79119911Ιεῖ111 19199197 1580, 73.

39719, 91919191, Μ11191111 1453, 832.
Solunte 1111111550 55911. l.

8799191119 111111 11111111 1526, 202.
8117111971,971,11.Μ1111ι111453332.
8911119711 1991171, 1711461, 159.
8791911991171111111116111111111111526,
81911191911111771111. und 1111911111352,

2931, 15111 319919712941,11199

7111711478, 347.

1228 bei der 1199191191 11191171 ιοιιι
791111999911111111507,(1191619111’1111
1111711111 91911111191191211111111111
und 6991191111 17911119191119919111119,

schillem u (1191119111,81111ιι1111191191
0191111111 519 u. A 5 1622 11191 1111119
Ordnung 991111119111119191111 1111111.
0111191,11911111. (11111191 und 0191119·

1191119111191 9911711 1991991- u. 1911-
19111979 9. 1199917119, 19 1119 an alle 91-

99197199719. 111 9919141311 416.

819111- 91191191971111111111. 1516, 191, (111111111- 113111991119119,

1526, 202;1583, 219.

1191791297, 121

A‘teymfforde 9111119111, Μ111111111453, 332. (197111111297, 121.

.7711711911,11111111111 1453, 332.
8191199911911 11911111111191. 15251, 49411.

Ηο7111999 1322. 41.
1791119 flue. 1310, 259.
11111911 bei 1111111. 1253, 03.

Α.9.;1583,220- 1119911 (791119 911111. 0999911111, 1580, 73.

1111171111) 1111111111 1453, 332.
1191111119, 11111. 1526, 494 A. 7.
71117119191911 s. 1991991111.
11191111, L. 1580. 7 3.

11999199 132544.

8991111999. 171. 1486, 355.

1797119111, 1111111111 1453, 333,

1711- 771 119- 7719171119, Mulmke 1453, 331

1799119111919991820019119111 1119199191) (1191994991,

1526, 202. 7711177119191583 219.

1199911. 1,191

· 91111171971119119979)1111719111711354,1191719999719919911470371,1526191.

294. vl 1357, 296.

494 A. 7 11919111

Ζα9111711119111.’17111.1526,202,·,1583219. 191199119117171891.
1191111111911,1“91,9991,19191 1979919191 Η9111111119115291.191.11911111191 1111191·
cupatur 1281, 113;’ 1911 9911191111, 91111. 1191919119.
7711111991611.191111911119191Β1111111919 Η9111111117111971 1526, 4941. 7

(1091111119111 3111111111. XV.

46

 

