Oris- und Parmam-Regium.

(1151055151.) .
1155555151 1225,12; sein Siogol 5 in der
1151556555515551,1264,22; 1300, 242,
11555551151551505 1536, 05, 1537, 497,
dommum, 1115515151 , Burfftreppe,
Hos 11 15 der Bur ,1155151555 1531,
6515115555551551255551551 1534, 210.
Der Dom. Ami-(m. 1264. 232, erw. (z.
J. 1228) 1401, 316; [50555 5551515 5551.
Dom 565515,
11151555 122311, 122513. 1229.
15155555 2555155 · 12421245) 555. 1262,
11555551264,22.
(1551155515555151511301244, 1302341
(15115νά1307,39.
1155515551 1309, 256.
7515551350292.
11055515 5. 175555555151394, 148 149.
1151115555 5 1155515111 1507, 366, sein
Sie 51568.
1751195Ξ59, Gr. 55 8151059 1533, 671 ;
Domdechanten:
Amold 1223, 11; 1225, 13.
175595 1264, 22. 232.
81156 v. 3155150559 1300, 242, 1301,
244, 1302, 341. 245.
marici 1306, 251. 254.
«155561335283.
7115551350292.
5111555111 1394148, 149.
Joham 5. Mai-mit 1531, 65, 1534, 210.
1115115155 5, 05555 1018, 409. NN. 1618,
Domkimmerer:
(1561551 5. 1551551287, 115.
175555 v. 17555155551306, 234, 1309,256.
5155. Thema 1335, 281.
Domkellner:
Gebhard v. (1551551301, 243. 244.
1515155155. 17555150551347; s. 815351570.
0515551 5115551555115. 1432, 49.
0551555555555 (= Knsteri:
555.7511555ι551151151306,254,1307,39,
1309, 256, 1310, 259, 5515815351 570-572.
1555555551155515151343,288,1350,292.
0555351555,
11551511 1225, 13, 1262, 228. 229, 1264, 22.
Hermann 5. Β1551556559128125.
5515555 v. Dres‘lobm 1306, 251. 254, 1307,
39, 1309, 256, 5515815551568.
1115115555. 05555 1618, 409.
Schulmeister oder 8555155155,
Ιέσέκια55 (5551555659) 1258,17, 1264,

55555511555555) 1555545

(5555555.)

Schulmeister oder 8555155155,
Heimich (555 Heimbwm) 1306, 254.
«15551555 5. 116551551629, 425 , 1618. 1639,

vicedomini:

Bemimrd 1223, ll.
Bwrchard 1262, 228, 1264, 22.

Domherren:

Albrocht (5. 5515511), Pr. zu 8. Ρ5511 1302,
541155515255511555151223, 11 ,1225, 13.
,4165551115 2556551551306, 254.
11555, Pr. 5581155Ιί 1223, 11.
51555,Ρ5, zu 1155151155 1225, 13.
,455516585155501551223 11, Archid. d.
05155155551225, 13

Batiam 5. 0151155059 1257, 99, Archid.
d. Banns Utzleben 1262, 228, 1264, 232.
1151516 v. 7555151166 1306, 254.
Βι551551 v. d. 15551555 1350. 292.
Βιζώανά, 11.5.15515505591223,11,1225,
Βι55155515.1151555551225.13. ’
1155515551 5. 1155155551306254, 132243.
1155515515. 7511551515 1306, 254.
1155515515. Ζ159555551306, 254.
namara 5555555555555, 13.
1155155155.Β155155505591223,11,122513.
1155151515 5. 5155115155 1306, 254.
11551515 v. Η55555 1301, 243. 244.
755515. 5. Β55155515151306,254.
immi 5. Ρ16151551301,244,455151(1.55
virdenheim 1302, 245.

(15515115. 1155555555 1225, 13.

(15015551 v. 055155, Pr. zu 5. Ρ55111303,
Gebhard 5. 1755155515 1306, 254.
(1515551 υ. 9551551 1302, 35, 1303, 37.
(15555155 5. Β5151ι1155551302,34.
Η515155551511 51555555) 1306, 254.
ww 5. 11515511, Pr. zu 8Β5557. 1306,
Η555151551155551555 1264, 22. 232.
Η515515155. 7511555515130234. 35.
Heinrich 51751655059 1301, 243. 244,
1302, 34. 35, 1303, 37.

11550551 Mor 1321, 273, 1324, 275.
Hermam 5. 111551556555, Pr. 558. Bonis.
1289, 30. 31. 32

Hermam 5. 357151555ῑώ55 1350, 292.
,1555155 125515. Β1555 555. 1618409.
1515555 Gotyhemakale 1306. 254.
7511555 (Ζ555155), Pr. zuU.L.Fr. 1225‚13.
Conrad 5. 1155515655 1225, 13.

eamd 51155515591225, 13.
05555515.115”55155151225,13,1258,17.
camasi, Pr. zu Erswrt 1225, 13.

 

