Τ5151 XIII Nr. 96-98, 605

(1515511155 151 151· 1515115 155 8151115515115555-15551 d. 5. 51155111
5555515551, 115 515155 1515555511555151115551 555515555115115,1 1555
5555 Κ5555115555.2 1555 115115115551115155115115151111515155148015111111
1115115111 15555551 (= Koppejz'm).³ Die 11155551511511 1115151 Perlon-
1115155 511 511511 5151151 115115 1511511551155551155551111151155

S 5 kam 5 5 5155 5.

15151151ὴ155551 11 115111551515 5155555555511511115 Koppejohann
115551 1111151.

xm, 98. Η551115Β515,’11551 1491.

1151115115 Rode und sein 1155515115518515 555111 11551 151 1111511155-
1515, 5511511 1155155551 11 151 15115511155551 (15551151 15 151 1515151155151
15111551151151. 111551515555111115 Eudo, der noch 55515 55 5151 mit in-
51151151 tenuis Botho 1551511515115115 151Β51551515 nach = 15111115,
11515 sein. Ein Β551151 11511115 Β. 1111 1465 Β11551 15 115115 11555
1492198 5151155111 115551 1151151555 151 1115151511555151551 155 811115 15151
151 55511511. Ein Ρ5151 Β. 151 111515511535 511 1547 1151511511.6 Im
J. 1587 5111151 wieder 15551 511511 11515115 511 Η511115Βο15 1511115151 15
81515515.1 111155 1115151555111515151551 1151511151 11111645, 6615515 511,
511 1511 1115515515 1155155518

1151151 111 515 151Ρ51551155 115515 11511115 Β. 15, 55 15155 515111
5115515555111155, dass 5155155115151155115 11155111555511111515 151, 151
1465 15 15155151 155151 11 151 111515 151 551115511151 1151551 5111151.
1115155 1511 5111555151 155115 151 Β5155151555511 1151115515155 151 51 511
15151511551, 1515515555 das 515 51 15111111. Η .-Ρ1, 118 515511515 24 mm
1151111551155551 55115115 815551 155151 155 im 5115551151 8551115 5115 mit der
851115 1555 51151, 1111518555115 1555 155515 55155115 151 je 1151 115551
555511515 Ρ155555515555111551. 51511115551111 551 1511 515 85155555111 55-
51115151 Raude lausend, ist 5511511 an 1518111. 5. 1. VII C, 16 155 81511-
5155115 11 Wern. 5155115151 55115515 55 5115511155 5555551151, dass 515 151
1111 55115155 751155 151 11115115 515

S’ 155111 5 11115 5 ζ . . ..

mit 1151155551115511111115511 511555551 151.

11 1511155151 1. J. 1473 5111551151 und 55115111511155 151 151 (15-
51111511 11511 111 111555 v. 1111515551 2 Hufen im 1151155511551, 11551511551
11151115551,9 511 21. Sept. 1486 5551151551 1511 11151155 6511555115115 Dan-
515112 5515115551551 1112 Hufen 15 55515551, 1555 51515 als 51551551

humen 5111115 inm-nen 15551 ewc'ehlz'ck.¹⁰ Als 51 55115 15515555111155
11155115 1111151511 5151551 511151 5155 55115 511 55551 11 51551511 11151

1151115161170. 1115172. 8111515. [111115. II, 369 41151155,
Wern. 5151515555, 15111555 5555111, mit 1511151151 115515 1555155 5115151551
151515, 155111 S. 17 515511 8151111551 11 3151151151. 1469 111511 51 51151115115.
115555, daun M. Koppejohan 5111515115. 11551151 511. ⁵ 5511555551111
S. 8443 5151511115 vgl. 1486 111115. 1111115. 8. 251. ⁶ 1151115, 1115551555.
812 515551. 115515. 1111115, 645. 711111. im 8111115155. 11 Wernigerode
⁸ 111155515155151055151511551151115. ⁹ 115515. Urkdb. 344 1. 11, 867.
¹⁰ Das. 403. 115551 515511 Η. 11515 151. 1555 85151. 1. 81. 1115551. Π,8 2951. ⁸

 

