111. 118. 119. a. 1191. 1191. 185

1492. 16111117. 1111.

1111161111 11161πὶ161616 6111161161 161Ι einer 1611 (1611 11111611
(161 1111116611 an 1611611161 des Κ1111611 111111161111611111 11116-
161111611611 Ρ11111111,111111111 1111116111111661116161, 11111 111161

dambe„ 1161 1111611111161611111611611161161.

Wy 1113111111161111611116 Wagbenvorer unde 111111116 1111111
11111131116 111 11111611 1116 316161 11111116 111111111111111111111111
1116111116, 111 111 111 3161111161 11 16 1111111311 111 Η611113 11111-
1111111, prior 161 11111611 1111 Η11111111ο1161 111-111161 11111111 111
11161 1116 61111111 11111161 16311311, 1111) dat 11161131611116 11-
111 31616161 11 1111 11116111111 111 11111136111161 11116111111-
1116113161,111111111616111111111311161. 111111 16 111111111, 11
111111Η1111111,Ρ6161,Ρ11111116. 111 111 31111116 111111111111111-
16611131113611111 up 1111111161 1611611161611, 16 11 11111161 1ο
111116111811111611111661111 111311 1116 11611611131111611,161-
161 1661111113161111111111611611 1111 ok 16 11111111116111116
3111111161 111 16611 311311 1116 111111113611116116131111161111
unde 1113611111113111111,1111 11 11111161161161111,1611111
111111111111111161111611111161 111161. Η11111116, 1116 16 pater
1111111116 16 1116 111 in unser 1111111161 111 1111111116 1116 316-
166111116111116 11116 111116 116161 1111111 1ο 1111111116 1161316111-
1111161 16161, 11116 111 16 3111611 1116 111 111 16161 11111, 111 111
1116131111161 hebben, dat dat kloster 1111 Η1111111111161 1111161 11111
31111111131 so 111 unde 3116111631111311 111111 16111161111
Η111611116, 161 311 31116, 111611 111161111131611 11611611 11
16111 wy 161111111161111111111 1111611111 111611111111, 1111111
describ 31611161, 1111111 11161 111361 11116 1161 16 sake der
parth 1111111311 , 1111 111 16 111111111 111 pater 1111111116 11111
16161 11111161111111161 1111161 161161 111 111111, 1116111116
11111 111111 111111111116 1111111 1116111111136311161111 11111
11111111111111) 111111131116611116161,11 111111 31111161 1111131611111
1111 1111113111,111616111111161 1111161111116111161 1111111161
1111111 11111111 1161 1111116111 3111111161,1111 111 616116161611611611
1611111 161111 audeone 111161111111316311161161111.11116111
11 11116 (111311 11611111111611111111611611) 1111 111311166111111111
161 111116161 1111,11161 11116 11111116 161111 1116161316311111 111
11111111οὲ611 1116 111111161 1111113116361116161113111116 111163611
31161

11 111 11111 11111 11161 1111611611111.)111611161611111611
11161 1116 1631111 11161, 11 dem dinsdaghe 163111 11611111 ’.1111

11111ρί6111 8111161611111 1116111161 111161111111111
1161 reuben 111ιά 111161 diesem Scbmibbries 116 Να1116116111161, 11111111 abner
6161 11111611 (161 ,1611111111 1161611611

 

