111 mmm.

(0171711161.) 0117111, Η111719 1319 270

Einwohnerfam.. 77971 1473 01171111, -1 ,411174111- 71117) ·
0111161111 1464 1473. - ,7171111 3.,(0171,1117111771,ε611

0161717111116171,Κ111,1,118171111171. 1358 - ζ’71111,7’711.,171179111327,277.
0161117611378163710161117167. -ΖΑ111176,Α.-Εἰη1.-,Β1 1363, 144.
-1, ,Eheh‘ff' 8777717111ξ311ξ1ζ1,ἱ 1187161171 -1,”Ηα11ία, 7711171 m Η11617111, 7394,
- 3111116111191111111111111111 0111111171. 01111117.

453, 1558, 3747, pl,5668801'.: 1570,.450 017716, Β1.111Η ,1,71456758 758.

-.1,’Βαν7176,7777111,1612,5607. -1.711171,(71191171),71111611117111111
0161111771Μ71171111262. Τ7161817711117) Ο,1296.
0177711711. 2. 7719, 776111 0171, ·11111, 01771, 7111711119171111Ρ11-
01771117, 717111, Β1. zur pr. 1456758, 1711717711. 7117,-Εὶη1,-ΚΙ.611. 1320131,

158. 877771917171777171. 7462, 160.

06191 101119 · 01 79711777171111, 0111711. 77761306,
01191Κ1771,771.1525,196.254. .
011711, 716, 6117111771171711111304, 249, 017719,111363 017771911419,01771”191529,
011711, 0171111258, 01771, 0117111304, 076191174511111Μ87714177111.

(1 Ι)(ι’1117111394. 71117176 u.Zahlortu. - ,9171171171 917111)ωο -.Η176111451,52.
1712581071, 1268, 110, 211117, 7311, 01117111·

234. Nr. 107· 7318, 267, 1348, 290, 1796117711. 87117711111419, 47.

1357, 298, 1484, 181. 01711717972717711529, 62, 64.

11671111349, 142, 87167 1771771, 7499, -1., 17111116, A. ·Eins ·Br 1363, 144
788,1671, 393, 16178177111766771717· 0171171, Ηαι1111717111111771711,77’1 7712,
1117408,-877176111711717349142.- 83, 1'714, 2227. A
0111711117711111594388. 0111111-,111191117711111111611-

7711117777,71171611717791119101117161 77119 111529.

14731747. -817177611, 01117111. L. 1529-1547.

Ρ161171 7620, 425· 7638, 428. -Simon, 8111117711. 1512.

0111611111, 77191116 mmo 87111 (171 0161611771, 0177111711, 6177117171777, 771.
119771)1111. 1309, 2577, Η71117Κ19 Aa 1589,;986 1599 389 9161117116111603,
1357, 284·,71711131116111606. 1618 673 390, 7614, 394, 1676, 402, 16247, 537.

8117111Η11117Η1117171114731747.0111711711,1.6.1307,011171111304, 011171

777111011117712577. 1306, 0111111171 1258011171111372, 0711-

0717111711111-7119711111117, Novi 0911111 melium, -117111,
(Ν11111171),-1,6. 1117111118 100,

Ρ169171;·7171111017,(Η71111) 1303, 257. ,1111,11,1114,,1471111,154.1117,
7761711371, 234. 2551, 1. 27716611·

07171171-016111-0111117116111. 7716671911 -1..,6Β171761306 254.
11171917.1,45152,6.871917557.011117111,-,,,Ηα1111111 R, 1711. 1307, 254. 1312,
3101111619116171191611171304249 262,263,1324,2747111113817111
Β1.Η711777,11111116111611711111071111116 Β117711761307,2547,

61117 71 0161117325,437. - ,777111713072547
7791171111 Ρ1171141947, 71791111 13072547

1111111111-(31111711111), 7171111 - ,,,Η1111111 Kn. 1348, 288, 289, R
01167111 1309, 2577. 1357, 2977.

Τ11117117167119.· 8711. -77777711111111 711711, -1, 6. 0771, 771. 1348, 288. 289, ·,1357 297 7
1349, 142, 1355, 477 7.,3 1499188-8111161348289.

Ρ61141111ἐε.1191111[191.1187.”,’1611111111911611011111591
717111, 7711111 1299 238· 7304, 249, 0111711171, 3171717263271171761111282,

Emwohne’rfamfflom 1.7711111,-11117304 D 0 -.Br '21. 27 256.
135781101760616181. 7771711258, -,Β117176811611Βα1’717611,8111111 307,
7711111171)148717171111,71499 1. 17111- 01171111464011111711117473,011171111
7111304.(7171)Η1917671292,0191111 1480
1292. 7711117611,17111176117304, 1337 -,ΗΜ1197,Ρ17117111464,763,
18176113336111337181111134911111 - ,17171 01117111. 066677111161
1111111111177111171711.-,.411,1111,111.
71101711258-1348-ζ,771171,7711’,7717480,348.

 

