Iit-157. 158. ι 1449. 1451. 8211

10110101300010101 0011 111111300, 1100101 1110101110111111101101
1110 0101 01101, 101 1111 11101011100 01101 in guden 1101101 11010
1110111111101110101 11011 10 10110110 1111010 10113011ογ0 111111
11101101, 1110 hebben 10 1011010 1111011011 1110 1011111130 1110
1100 1130003010 30111301 1111110111011, 10 3030101 11 11 301101
301011 111011 101111101111111 in 10110 103011110101113011011110,
1110111010 (1) 011010 011011.

0100. 11. 101-11.

——uu-

1411. 1100011101 21. 118.

Der 1111111091 zu 1110191010 1010101101 11011110 Planum
10111111 1011101111 Mark cm Bartold 11013110νά111οω zu seez·
0100101 im 11101101 11110110 0090101 habe.

Ek 30111Μο1301, 0111103οῐ 10 11οω1131010 10101 111, 1010110
1111000111 open breve vor 1110 101, 10 01 1001 01101 101110001, 111
011101113 11111110 1110111110 myn 011010 1111111011110 unser
1110 11001 01101 0010101110101111101100101 1111101 101101 31030101
1110 30101 1111111110001 110100 01101 10111133011011111110131110
Η111010101000101 11011130 1010111101 11110101011010010101 1110
1111011110 1110 1013111101011111011130 100 01011011 10 1111011010 11
111101111110101101 1100, 31010301 10 110111310101101310301 1011
0110111110110. Unde 10130111101 1011113 00111 01 3111011 1111-
0101101 111011100110101101 1011101100 salven 11101 101 101-
30101010111110101 011010000101 1110 1111011110 1110 10 311110 (1) 1111·
11130 100 01001010 10111011010111011110101 1110 30101 oppe 10
0110101 1101011001, 11110111101110 1011011110 10 01101 0111301
1001111100 100 0130111101 1101113 Ρ1111101 1110 01101011101 111
11011101 1110010101101 11111311101,11101111 0010111001 1110 iar
1110 10 0111301 11101 1001110 1101101301 dage 01101 dama, wu 111
1001011001 11011 10 1031110. Unde we 101 1011113 301100 11110001
wil, 10 00111 1111011011110 110101 10130101 101 11111130 10 111101-
1010. 1110000 10 31101 10111111010 10110 01 101 3011110 Ηο1113
11111110 1110 11110 111011010110111110110001 11011 31030101 101
0111111130 10 1111011010 10103011 :mit 101 011110301οο 10 11011131010·
1130003010. 111110 01 10111 101301, 0101110301 1013011110,1010110
11 1100011111οη 11010, 101 01 1111101010 111101101011111130 10
1111011010111001 1101110110 1011030110101 101 1011113 30110011
dem 01310111101 1100 111111011130103010.

Unde 10 31000101 11 1011011011111 11001101011110111011111011
iar 11111 11 dem 11111301101 Ι1110, 11 01110 Thomas daghe vor 1111101101
100 11301 1110010101.

1111011. Ρο1·9.11011, Das 0119011011, 1101100110 0191111301 9110110011-
110001 ist 1110111101. 1111011111 ist 001 100113 sptium Hand 101· Name Dirick
1011100101 0101901111ῶο.

 

