652

(1130311131.)

1130113030·
(111113113.1713113191225,13.
11113931(01133 11264, 22,

131131.)“03311311331223,11;Αι·311111.3ιι
Εο1311001225,13.
0110, 31131131· 1225, 13.
31311310,111011311225,13.
33110111 (1331113133 1301, 243.
1393313111, 3111131131. 1139-,111311-,
1011311 003 11311331306,251.254;1310
1110931509.
11131331111101111319122513.
111313311133131310111300254.
1131331, Propst zu Walboek 1302, 35.
1101311131 ιι. (1331313133 126122.
1101311311 v. 1131313111 1263, 232,

1130313113 (ιι (13011113τί30)
14130111. 0131131370, 304.
3311131012111311153105.

3133133 1111311331 1531, 05.

3313131113 1033131408, 320,
1113111310 ’11133(110133)1408, 320,
11131031 111311131331408320.
11333113. 3139311529, 03.
33313313110313101931408320.
1131311311 11131101 1460, 3371
11313113100313101131408320.
1131131310. 11111οα31408, 3191 (051.
1131131313 93,393110319 33111. 03131531,
11313139133131529,63.
1333033133311,30111,0. 0131531651.
1313113310. 111 1331111318.
1013331 3013113133 1408 320.
1011013370933,.3331 ιι, 0131529 63,;1531,
Coma Becker 1408, 320.

0031311 1111111131, 1133313130. 013. 1531,
00313111,3331313101333,280.

0031311 83133(233331 1408, 320.
13101(3311ᾱ31,3393103013.1408,320
Μ3111331113,30311ι.013 1529, 03.
111301. 3131311333, 3031. ιι. 013. 1529, 63.
1031301031131, 3033, ιι. 013. 1531, 651
11313310. 1103131 1370 304

301000130311010101
1113111311223, 11; 1225, 13.
(1313101257, 99.

339. ,1011113133 ,13119101 noster 1202, 2293
3301331261, 232.

31130011. 01001101
33113111, 3311 zu U. L. Fr. 1302, 245.
399311 1113311, 111. 1504, 56. 59.

Κ10131· am Dom:
11333139139931531051.

CanmramDom:

N. N. (11311 0101590, 525.

Regum.

(1130311131.)
301030000031111111313913310011111
3311311131 1690, 432.

81111 U. L. 311030
Ριοο31100010101401,315;31101931111131ι-
11311 1400, 16ος muniamur (131 lan·
90101303οΖ010130191042.
113301013οε
11131131 1262, 228. 229,
3113111131 1300251,
33101131 Hom 1548, 374.
31091100911100103111
3311313101. 1. 1311313313 1301249.
1031101113 oder Custodem
11131131 1262, 228. 2293 1264, 232.
3331311113 1306, 251.
Scholaster:
11311131 1201232.
3311111313. 1131131013 1297, 122.
113910 7313111432154.
1131Ιο311
1431113311 (1101311011 1496, 186.
300109080003313001300.Ζ311131 :
311029ἏΒΞ33Ξο3111257Η 99; 12022282 3
1131311310 113113131131257, 99
Hermann 3031 (311331) 1202, 228.
3900001262, 228
3011313131 de 1103113 1282, 228.
1131133131311 v. 1310330319 1202, 228. 229.
3113111311. 11713 “ 1262228,
1139311131) 1202, 228.
11011313331202,228.
1131311310. Η3113111131111300, 239.
3319,331101113.117313193101131300,239.
(1113331130. 3011013131 1300, 239
121Ξ131131,,.Ρ(3113133111131111131131131302,
30101110 “ 1302245.
131101( 0. 19113111 1311260.
311301131311313113111457334,

01013. Bonifacii (31 1131111111.)
Stiftsgeistlichkeit 1460, 103.

3109010 (10031111191101100319113111
1131111333 v. 3133133039 1289303132.
1113113113 (0. 3313101393) 1302, 35.
3313113111. Anlmlt 1306, 251
1131111313. 099331013409.

110301013οι
033130 (1. 33119) 1261232.

1011333 (3. 301111331331311111119) 1321, 213.
1111113311 30313333 1523, 193.

Stiftshorren:

(10313110. 33310391202, 229· ;1264,232
3139.1113111311.Νοιά1331331264232.
10333003333111110011,211

 

