11181111 111. es. xm, 88 see

’1188111811 118181 818111181111. 1818118 118 818 8183811 188 (18818181
11811181181 8818118181118 Ρ8181111811811. 1118111 Ρ811181818118 1361118
v. 11811181 den 88818181 ’11811 1181111118 111 Η811118111 to 1181118 1181881818
zum Kirehlehn 11 8111181188 111 Β81318118181118818138181, 1111318 11181
8811 81838111181 181 1111381 118181 1. Β. 8811 1881 311811811818881838181,
welches 3111 (18888118 221111 1818 88818881138181881811818381 181, welches
811 18181 XIII 11190 1881 18111111. 118. 114 8138111181 181, 88 dees 1111
11811881 ensem etwas 188811113181 11111181 81311181 1811181. 11 181
88818188181 11111118 1. J. 1361 181181 8181818 11191181 181 Wemer 8811
Oldwardeehusen re'dder, Iaedolf 81818 Therme 11811 Oldwardeshuem
1118381 ,· Relef 8811 Baream andellam 1118188 de 811818, 1818818 18

(181 ere.

1188 88818881138 818381, das 88 38818111181,1188 je 8118 831118 8181 1881
8181111 111181 118111, 181311181 111 81838118118 81181 81138118118181 111181-
1111818181181188131111881811118118881. 1181811811 1181181 8811811811
8138111118181181181, so 88181 11 811811 818381 111118 1..1. 1344.1
· Die 1118811111 188 8811811 38818818181 8183818 181181 11188181 3181181

11111811 18118111

11 S’ 1010181ι18.1111111.

Β111381 11 Wemigerede.

818381 1811138111188181Β11381 811188181 118 dem 83118181111118181181
11811181 1811118181 81181181 111 1181818 18181 11 181111111811181811181
1181111113, 11111881, 81111811113811113, und 11 181Η8111811881111118111181111811
1111881188181. 1181811111 tritt 1181181 111 14. 111 11..18111111811 188 Ver-
wiegen der 818111831-818381 181181. 11188818181 11811 11888 111 111118181181
111 1181811 11 1181818181811 11181118118 11118- (81111183181-) 818381, 8811811
1818111818 111 11811811818181111811818181, 18181 118 1111111181 111 118
Ρ81881811818181111318 8181 81811 1811111881 ihrer 11181111113 111Β8-
3181113113111811111111811111181181. 88 8183811141111811113 111111188181 ·
8111881 818 111381 11118111381818,2 111118111485 Η818 IL, 881118811811118,
188881181818181 818 8181111831 11111.3 118888118 werden 111 11 dem Η11118811
88181818381 111, 104 111818118118181. 1811188111. 1118118, 1881 811-
81181 1113818 1811 8111111831 111 3111118181 1831818118111831, 18118118181
8111181 1498111 Ρ11181818118 818 18111381118181138118888118181381818181
8183818, deser 11 jenen 18111811 1111184 1118181 8181 8181 11881181 818381
181 8181111318118118 11118- 8181 81811183181818381, 88818381181 81818811 111
1181818181118381 11188 Aretes,5 111 88 11111 88, 18888811181 11118188181,
118811 8111813811881188 818381 181181, 8181 188881 181 1118111381 1111111181
11811 1811811111, 8811811 181 8181111831 um 3811111113113181118111118- 111
881811381 Β118181 11181 sein 818381 18181. Se 181181 118 11838181 in 11811.
88181 11111113 188 11. 18111. 811818381,6 8181 11111811 1403 11118 W.

,11111111181118118181111111881
1113811.1111111.26311.1111.638111Τ81. IX. ‚ ⁴ 1188111111111. 111. 449 und
818381181811811 S. O—CI. ⁶ Lemmerth v. Allevelde Ι18118111 1480, 11888 81
{m ffiffeffiffi 1111111118 W WIIWWQQ
r . . . ‚ .

 

