ἐ

111. 141... 1611. 101

111 111111 1111111111111 1111111 111 1111111111 1111 1111111111,
1111 111 1111111111 11111- 1111 1111111111, 1111111111 111111111-
11111111, 111111111111111111, 111111, 111111 11111 1111111111111,
11111 111111 11111111111111111 111111111111111111111111, 111111 111111
11111111 111111111111 1111, Ι111111 11111111111111111 11111111
11111 1111111111111, 1111 11111111 11111111111111111111111111111.

ann 111111111111 111 11111111 1111 111 1111111111 den 11-
11111111, wan dieselbe 1111111111 11111 111111 11111 11111111 wirdt,
111 11111111 11111, 111 111 1111111, wan mastung 1111111111, 111
111 1111111111111111111 11111111 1111 1111111111 frey 1111 11111111111
111111111111, jedoeh 111 1111111 masteng 11111 11111111, 1111111
berbeehafft unndt 11111 11111111 111 masteng 11111 11111111 11111111
1111.

Ζ11 dritten 1111 1111 111 11111111 111 11111111 11111111 11-
11111111- 11111111 (1111 111 11111111111111, 11 111 1111111111 111111
111111111 111 11111111 111111111111 1111111111111111111111111-
111111 11111 111111111 11111, wie 1111 111111111111111, 111111
1111111111111 unndt vor 1111111 111111111111111, 111111111111111111
sein) 1111111111111 11111111, 11111 11111 111111 1111111111, 11111
11111111111111 1111111111 werrden 111111, 1111111111111111 costen ·
11111111 woden. Wass 1111 111 111111111111111111118111111111111-
111111, 1111111111 1111 1111111111111111 gegeben werden 111, 1111
von denn erbzinnssen unndt anderen gesellen, 11 111 1111111111 1111
111111111111, 1111111111 werden.

ann vierdten seindt dem 111111111111111111 1111111111111
eingethan‚ 1111111111 111 111111111111111111111111 111 11111111
garten 1111111111111111111111, 11 1111 1111111111 1111111, 1111 1111
111 1111111111 1111111111111, 1111111 11111111111111111111111111111
gartten jehrlieh unndt jedes jahr besonder 111111111111111111 geben
verheisehen 1111 1111111111.

Zum sunnfften‚ des 11111111111111111111111111 1111111111111111
11111111111,,111111 1111 111 11111111 11111111111111111111111111-
haltnng unndt vor die sehefferrey 1111111 werden; dagegen 111 111
11111111 1111111111 sein, nohtwendigk 11111 11111 11111111 1111111
11111111111111111111 1111111 111111111 11111, 111 111 11111111
,111 11111111 11111111 1111111111 11111111, 111 11111111 1111111 11111.
11111, 111 111111111111111, 11111111111111111111111, 1111111111 111111
1111111111, 1111111111 11111111111111, 111 1111111111 111 1111111111
1111 anderten 1111111, 1111 1111111 11111111, 1111 111111, 1111111
11111111111111111, 11 11111 11111, 111 111111 1111 1111111111 worden.

111 11111111, erbagker, huener-‚ 111111- unndt ander 1111111
1111111 111111 1111111111 111 111111111111111111111111111. 11111111
haben 11111. 111 1111111111 1111111111, 11 lange dieder 11111111111,
11111111111111111111( 1111111 11111, 1111111 1111111 11111111111111111
neit 11111111111111111111 111111, 11 111 Langen ohne weidegeldt
111111111111 1111111111, 111111 11111111111111111 111111111111111 111

111111111111111. xv. 2⁶

 

