666- und pomnen-6666. 639

11191110111507.1111111119111111111005, (111111811110111111)
1111135111 1717, 1111111113115111 1583, 1111111111111111111113, 81101111111111111

111111191111111683 11. 0111 0111113111111

01111111111111111111248 15.

111. 11111113111111111111111111113,111111258. Anno, 666666 1111111111 111111. geg. 1282,

101 211111, 1262, 105, 2Η111111111.1269,

27· ,1111311111 1111111111 1304 249.

111;111,11511111,111;1191111,Βέ 1111111111 1131111511, 1111111511 Δ

1111111113 61111111011111111111111111111,
11611, 1161131 011111 T. 1296120, 6111

11111 ord. 111161111111 11, 6'66 1111111111
landen 1419, 47.

1111.1469,170211111, 111112111111161 111111111111111111, 0111111111111111111 1529, 64.

1470,1711·,,1477175,1,1 Η1111477, 176,
1111111479,1771,Η1111,1111,Μ9111111111111,
2611111199182, 1525 1526, 196. 446
Α.2,·11111’,11111111111).,1111 1111111111,
811111111ιᾶ1 111 dem 1111711 by der 11111111,
11111111111111111111113111 1516-14191
1111, Β1ι11113111111,1111111-11.1111111111
15 26, 200 292 49417· ,0111116111598
2131, 1598, 71, 11111111. 1111 der (1'666
1111. 15621614, Langelnsches 1⁴¹6rster·
111111 1111611611, Obst- 11. (1111311111,
1111111111111114601. 402, 81113111139511
D 1567 73,1605,86,171788114
11111111 1111611111 11191111 1514, 2161,
1376, 453, 1583, 45413, 1588, 219,
11111116732231· ,1683 2211.

6111111161111111111,1111111111,6111

11111111111111111113111111111111111. 6666’666

1111111111 meister 1111 1111111111 11111111,
administrator 1111 hoffmeisterampw 66
&gazem 1529, 621. 64, 1638, 71, 131.

1111131131, adm. 11 111111191111.111 Pr„

meister 1. o. 1111. 6. 11·1111111111.,]111,11111.
11111· 111 11111111113111 1555, 72.

Heinrich (11.1111111111111111), adm. 11. hoch-

1111111111. 111 11,, 11111. 1111111111111111.
w 11111111158111.,4511,1584,7711.,1589,
801, 1111. 1590, 84.

11111111111111111611111161111115111,111111.

z 01111111111,11111111’111’11111111·11.1111-
11111111111111111 1911111111, 1111111111. 1111
11 311 f666166666 1111111111 1699,844.; 15911,

15 16,1. 1111311479, 1111111111 581, (11111 procurator 1191111116θεῦ. 0111111911

1564 1614, 1111111311 1477, 11],11111516
11111111 1113111111 1516, ’81111111 1525,
81111111114691516.

01111111311111μ-1111311111 11111, 8111111111,
We. 1411, 150.

-11, 1111111111. 11,,17111, 1111. 1471175.

1111311111111111 0111111111111 zu 111111. 111.
1111111499-1513, 556. 571.

Landcomture (11181011811111111 (ihr
8113115561) theilw 31111111111111111·
comt d. 01111111911113111 1111111113 11111
Β111118. 439. 1111111111 1451, 511, 111

1111111111, 11111. 11011111111111111315,265 capitulo 11111111191111111111111111111111111
1111111131, Ham, 1511111499 188 capitulam 1111 1104111111 8111111111
1)1·,111 111111111111111111,111111,171 1717, 88 17218811131152911111111111111.111111-
1111111111, 1111111111, Τ1111111115296,131 66666666666666666662.
2. 81311111111131111111111111111. Ε1111111 6. 1111111111 commend, per 11111.
1111111111 011111011131111111111111-ε18111111111111250.Μ611111.Ι1.-Β.
11111111,Τεο1511-, 11111111, 1111111, 11131111 Τ1111.1116111111.1511111111111 M.
115111511111111219161115111 U. -.B [1). 0.)
111111 1222, 10, 1223 1111111111 ,1111111111 (0606. 1111111111270 11111 1711111 71131,
1181111111, 111111. 11. 1111111111 1416111111. 114111111111111 1271. 1281. 1281
1111111111122513,.Ῑ1 1111111111. 11111111,1111,Μ.Ι1.·.Β11711311,).0111111.
111111.1903,316,11·11111111111111111111111-111111111111111191118111111111
1111111111 11114, 40, 11111111111111111111- (1111111111 1Η1111111111 1287. 11811190.
1111111111 1111 1289 32, ord. 1111 1111111111 Μ511111.Ι1-.,Β 111131.)
11111111111Μ11111111111111111111111(1111111111.11111111112021295,1111111111111.
1111111322,42,111111111111111111303,36,11111.Τ1111·Μ.11.·Β,113,11 1111111 ·B.,
31111111νῆ111 1153331. 1111311). 0.)
71111111111171111111111111 Hochmeistem 8111111111111111111111111111.η11111111
1451, 511 per ,11111111111811151111111111111111-
1111111111111111 1111111111 1529, 64. 11111111311111111111111, 11111111111111111
1111111111111111111 Deutschmeister: Ι1111131111111111111.111111111111111288,29.
1111111111111311111) 1219 59, (11111111. 1111111111,1ο11111111111 66066666‘6616'6
111111111011111222,10,1225311111111 1296, 1201111111 (vl Gotsrid 11, 11111111
1111111.111111111111111111111411111111111111 lv296- 113033113111111111311. 1101111111.ηο
223131131,

 

