702 1769131636.

(2666766.) 2666766066ου, 1766331369 ,7663161366 6166
6,,Β366736667 1288ι 29 866666666066061366617663603691322 41.

- ,06666763 26336667, Αο1361116616611361(1303·1320),

— ”,22666 0661066666610. 1306, 246.

254, 1309, 257· ,3316 8169661570. - 3. 11'3'333131133333131851.

Waterler.

Waterlere 1288. 1471, -766661304, -7666 (2616676663.)

1338, -766 1406, 1548. 76167666,7616“67666
12891300, 2616673661296. 2601667366
1484, 2611667606 1534, 26166706 1560,
43061406. 1581. 1613, 2676676966 1578.
16001610, 26060961629, 26636766
15251558. 1505, 263362616151733,
26260215631614, -767366, 76061450.
1596, 263660761016, 2620061613,
W333333131333315841616 -66616 0163316666
1305 S. 250, 1318, 267 und (133 6116616-
3166316961.· 26766, 2612760666. Wa-
767606, 2666667676· 16 u. 66 ein u. ders.
Urk. 1611, 303, 1613, 394.
-,Αι333161166936611301 , 241, 1309, 2573
1318, 2671,1334, 281, 1357,2961,1525,
3686, 1559, 3761, 1563, 381 4,, 1587,
586, 1609, 392, 1613, 304, 1614. 396,
1622, 417, 1625, 538, 1631, 427. 541,
1638, 4281.
-,61630611.17161,169666163666136060661669
der Η.-Β1-Κ696116 das. (12287), 5066,

, 666966 666366, 966· 66 6. 1333, 2333

666766666666666636166066266336. 9666
613669. 7636 0766. 1292, 234, 1293, 235
63666 capell. 666316. 606. 619766. 6676336669
1116676, 1296 cap. 3. 33 9766, 6761 9661763633
Mar. 236, 1297 669. 3. 6669. 237, 1298,
238 (26361),

-. 1300 6766606666 3. 3. 0067371 230, 3.91
S. 510, 667769. 66660366. 6667. 96613633 3669
0061611240, sanctimoniales 242, 244,
1303 abbatissa 3. 126616 3369. 3'33 26. 246,
prior 33 6666. 67663163Ι 3669. 006. 3'33 1666
1305, 240, 6669613669636 damin. mira-
367666 6719660633 7666366667, 1305, 250,
1160116 066. 3. 3. 70636 006. 1311, 258,
6666. sanctim. 3. 216636 6669. 260, 6666661.
66661163. 62 3. 60061311, 261 , 36661163.
636630. Mar. 6169. 3¹33 W.3 1312, 261, 6666.
6, 66639. 263, 6666666766316666 666616. 3'33
7610666096, 36661631 96666669, dom. 6
J. 006. 6366666966 6367663 6669 Μ66, 264,
hosen 333913333333333311333 9662630636632063
069739 0660763763 269, 8606613669 16 7366.
6. dom. 696036 J 07361617 1320, 271, 3'33

' honor. 0666631636 7176636 6669 6636669. 006.

271, 6666631. 616666. 361363. 6669. 061371

3‘33 W 1:3,212713 3676963.66639..67963 3333'.
J. 006. 33 9766. 6769. 6667616 '3333 273,

1325 6663. 661663. 6667. 3. 6669. 7636 06376
2276,13276666.3673“36666763.36669,
7006.63262761,133563ο636313,36369.
283, 13367600233063796607284, 1338
666666 6763962630, 6763037 0763763285,
1342 7630666 proc. 6669. 0 006 6666366
0660766676, 66376196166631286, aad. 3.
3669. 0061385, 287,1348 66636. 363663.
&3:333935313236333333333033533
dam. 33. J. 006. 307, 1376 3636666906 ta
2616676666 6763 0379663 0766763 309, 1398
669677626037907. 3136116 2360661167.-
6061667. 3'333 Dom 6671670. 1401, 3141,
1406 6766166106 W. ,2667679066076376
66363 736666 3181, 6136 K1 1432154,
1453 76666 67667ωο37966 0760666670 33,2
1483 60060366 6666634661 666613· 766603Ι
3'33 W. 351· ,61.63111 1523,103.-1161196166
(163 0611 81616 6661 testimonia 1616. 1617,
404408, 061181616611166166369606133
Ans. d 17. Jh 5261,1622,413; 1624
9669766666οῑ. Wa. 3663 03976966 07667
417. 419, 1625, 421 538, 16283. 76660,
663366 patron 426 1629 66630637. 07. 425,
1638 9666306636 67. 2660062544.

- ,6133 06636613316961,Ρ66631-6661460-

¹tissinnenui egel 564566.

-,6360268801316661663666666 663 251-

4169636616 nach (1361769616. 0. 1366611161
9606. 508 ,691 509, 366, 6693676663. 6666-
673616,961633631300,240,66666661 domi-
666.6667.09613663’66331302,2441.,1306
6663. 66661766, 0766, 3'33W. 0931666063. 6667.
254, 13186666666177660066637336666- ·
133'3‘3'33W. ord. 0931661663. 268, ·,1310 270,
1324600. 6166636. 9613636667275- 11763166
66677633 1766606603 0666666313 1622,
509· ,16296667 0631666, 425, 667067, 11766166-
966666663. 7766666673 1650, 500. 55161,1.
461366 66166 6166616696 6163 111. 1525 6131
9930116106369. 370, 16156666361163136
·-·3333333(Gmt 2669117666 106 776.
1406 318 666766 969613066816126 1622,
500, 1024162696617360617 13333'9333333'
-,11166011606 und 1116313696 0136613 6667.
6766606 66 W. 1288, 232, 1280, 2333

 

