0418- 444441 Ρ848844844-118918184. 711

(4444484448)
949413044944441445 945; 4448, 8484.
44444884 444844 44444, 94’9; 4488, 848
4484, 848- 4484, 888.
44444144414494488884.
Ham 1198180184 1486, 854,
844840484404,48488488488488.
145444049494404515591599 8444.
44448 44484 1918,411. 888 4884, 888
4884, 8884888, 484 Α.
Η814441814 Bone (Bona) 1638, 545.
Heinrich 111414491650,551.

1444184091 010491144414444 1581. 1584, 78
1191081188184481. Remi 111041 1584, 78.

Ζ6114484844111848.;

00441114οΜ 1427, 8231
1048484 1180848444. 1584, 218 Α.

(14111. [18841816184484 118049 1591, 887.
11444814448181844

09494494454444444441919599.
44444, 4444. 5. 44444489 4844, 88 A.
444849 44884. 8444844 4444, 88 4.

-,4188 8811888, 418 1484910 118444. 1449, 1564
188110881818811441 1525, 445; 14441 und
8811088 1584, 372; 1589, 494 m. A. 63 Gr.
11148118049114111184Ηο11568. 1580,5281;
88141088 W. 1582, 2203 1444448 11.,004441444·4.
1844981811844481844984415841.,78.455457;
10881811.-04·11605,86;1444448 118444. 1602,
212; 1612, 222; 8011811 u. 312410. 1613
1108144811 (14.11011118049 8. 4188110888
528; 4118 1811048118804411814114484 hier
16131981809811613,5281;0444162704.
Heinrich Ernst 1111 8148881881οᾱ hier u.
80118.Ηο1539,84481114.101.Μ8411441635,
5444 88141088 44. 48814148181444449 1639, 428.

-, 88198410118 vor 178444. 40444 Gr. Heinrich
8488188011011481181449841811811613529.

-, (118 818411 188. 81814881811444498-4.1184-
18061044448041 1257, 99; 144 81411818 W.
1258, 16248814 1281, 118· 1288, 28· 1298,
288;’1322,27’8; 1340140448144118448,

4408140 814110181114, 4. Wern.3) 1848, 290,
1852, 2943 4441 1419181840444110 118444.
41· 14611631· 1,15331444184814418441184-

(44 4444944444. 4

1188148 1109148444“0484·,140498448.44.4·44414444444448
149218541404 8408818480841844411444404448
4184 alienata 1496,186;1404984444. 44. 4441-
man 1529, 203.

4188441 7041418, 1149444. 1544, 217 Α.

Μ1814. Ρ4481484444,Β49444. 1606, 618.

0144481. Seium, (18891. 16301645, 618.

404. ,14481 44 1118411808 1720, 224.
Rath 144 6801814881362. 1873. 1381.
1390. 1408, 597.

1101114848 11484441. 0100481804141448,Η1444114
1180189148, 4041484808 10 W. 1458, 38014
4444114110.

0108484818844141448,444418848141418448480441480,
178;84’1148418444414184441418448144411496,186;
41884804884441414440141844181. 1115251974
4181808108818418118444. 1594, 21031585‚
212;1544,216.

Hans 4144814049, 8881844801 1610, 610.
1118818411 im Bauemaufruhr 1525, 445
Α,;44414188. 1526, 4461. 2.
116884881818484411. 1318, 2693 41888844
861448 1322, 273.

Jordan, 4440448104, 1324133.

Comaei v. Μ144818448 1342, 286.
maimunde 40888888188140444441848
188198810112444. 1496, 186.

08110418,814·888844,Τ1048;

4184148444 hos 1491, 36ος 1525, 401 Α, 11.
4444114448 1478, 947: 44411881496,186; 1572,
4503 4140114088 15811, 83.

418 01418 4014418148 1450, 820.

41048444, 9448 41481104 1118448888 (die 1164448)
8814418 1144184 S. Silv.·Thurm 1526, 202.
11148181011144184 4184448114444441526,202;
1570 8. Κ4881861481ι88 644 497 Α, 4.
Β444814814018 1459, 1594 8048180018 1475,
845; 1480. 348.

Β4 4188814018147084141148418448181488,
3ἓ9ῤ 84344ιέ 009881084844411444418) 144 4184134.
l , l.
1098418881τα18(4“.81181111449814·8888) 1460,
88641491360.
14014881004148814018101848449844), 4101
4148414181408418411881484814018111081814)
1018441104184184004411460, 336· ,10414188

4449 ”84..0101 -Ο, ’6814 0118184811. ,98144 8148181488180.

1’1”. 1584, 210; 1584' 8114111144, 8811841184
14898814181411ς78 1589, 833 ’.1595 1611,
3933 1612 222; 1615, 398. 4011· ,,1616 402,
1618. 410, ·164’0 1688, 2284 1105, 6’9.·Α
1717, 88, ’1720, 224,

00498444 ,44. 41680881486, 827; 1471,
172· 1477,175;1478,178
Η844411914 11011818104984444. 1488180

18881404· 041. 1101848814. 1622, 617

418Η894181540, 618; 1453, 3384 1481, 348,
418118084418 1189418 1434 325. ’[348’
8189894 01481852, 2981· ,Β’444414441418141480,
41888’4’1”’144488484148’ 141. 11411. 1411, 15041477,
440 4184 4404881754148144 444444081’.,501
1491 98948188418815114 11818449θηῖ -
110448114141 818411 1880841627 619.

 

